0
0.005
0.01
0.015
0.02
0.025
0.03
0.035
0.04
0.045
0.05
0.055
0.06
0.065
0.07
0.075
0.08
0.085
0.09
0.095
0.1
0.105
0.11
0.115
0.12
0.125
0.13
0.135
0.14
0.145
0.15
0.155
0.16
0.165
0.17
0.175
0.18
0.185
0.19
0.195
0.2
0.205
0.21
0.215
0.22
0.225
0.23
0.235
0.24
0.245
0.25
0.255
0.26
0.265
0.27
0.275
0.28
0.285
0.29
0.295
0.3
0.305
0.31
0.315
0.32
0.325
0.33
0.335
0.34
0.345
0.35
0.355
0.36
0.365
0.37
0.375
0.38
0.385
0.39
0.395
0.4
0.405
0.41
0.415
0.42
0.421
0.4211
0.4212
0.4213
0.4214
0.4215
0.4216
0.4217
0.4218
0.4219
0.422
0.4221
0.4222
0.4223
0.4224
0.4225
0.4226
0.4227
0.4228
0.4229
0.423
0.4231
0.4232
0.4233
0.4234
0.4235
0.4236
0.4237
0.4238
0.4239
0.424
0.4241
0.4242
0.4243
0.4244
0.4245
0.4246
0.4247
0.4248
0.4249
0.425
0.4251
0.4252
0.4253
0.4254
0.4255
0.4256
0.4257
0.4258
0.4259
0.426
0.4261
0.4262
0.4263
0.4264
0.4265
0.4266
0.4267
0.4268
0.4269
0.427
0.4271
0.4272
0.4273
0.4274
0.4275
0.4276
0.4277
0.4278
0.4279
0.427999999999999
0.428099999999999
0.428199999999999
0.428299999999999
0.428399999999999
0.428499999999999
0.428599999999999
0.428699999999999
0.428799999999999
0.428899999999999
0.428999999999999
0.429099999999999
0.429199999999999
0.429299999999999
0.435859770114942
0.442419540229884
0.448979310344827
0.455539080459769
0.462098850574712
0.468658620689654
0.475218390804597
0.48177816091954
0.488337931034482
0.494897701149425
0.501457471264367
0.50801724137931
0.514577011494252
0.521136781609195
0.527696551724137
0.53425632183908
0.540816091954023
0.547375862068965
0.553935632183908
0.56049540229885
0.567055172413793
0.573614942528735
0.580174712643678
0.586734482758621
0.593294252873563
0.599854022988506
0.606413793103448
0.612973563218391
0.619533333333333
0.626093103448276
0.632652873563219
0.639212643678161
0.645772413793104
0.652332183908046
0.658891954022989
0.665451724137932
0.672011494252874
0.678571264367817
0.685131034482759
0.691690804597702
0.698250574712644
0.704810344827587
0.71137011494253
0.717929885057472
0.724489655172415
0.731049425287357
0.7376091954023
0.744168965517242
0.750728735632185
0.757288505747128
0.76384827586207
0.770408045977013
0.776967816091955
0.783527586206898
0.79008735632184
0.796647126436783
0.803206896551726
0.809766666666668
0.816326436781611
0.822886206896553
0.829445977011496
0.836005747126438
0.842565517241381
0.849125287356324
0.855685057471266
0.862244827586209
0.868804597701151
0.875364367816094
0.881924137931037
0.888483908045979
0.895043678160922
0.901603448275864
0.908163218390807
0.914722988505749
0.921282758620692
0.927842528735635
0.934402298850577
0.94096206896552
0.947521839080462
0.954081609195405
0.960641379310347
0.96720114942529
0.973760919540233
0.980320689655175
0.986880459770118
0.99344022988506
1