0.05
0.0501
0.0502
0.0503
0.0504
0.0505
0.0506
0.0507
0.0508
0.0509
0.051
0.0511
0.0512
0.0513
0.0514
0.0515
0.0516
0.0517000000000001
0.0518000000000001
0.0519000000000001
0.0520000000000001
0.0521000000000001
0.0522000000000001
0.0523000000000001
0.0524000000000001
0.0525000000000001
0.0526000000000001
0.0527000000000001
0.0528000000000001
0.0529000000000001
0.0530000000000001
0.0531000000000001
0.0532000000000001
0.0533000000000001
0.0534000000000001
0.0535000000000001
0.0536000000000001
0.0537000000000001
0.0538000000000001
0.0539000000000001
0.0540000000000001
0.0541000000000001
0.0542000000000001
0.0543000000000001
0.0544000000000001
0.0545000000000001
0.0546000000000001
0.0547000000000001
0.0548000000000001
0.0549000000000001
0.0550000000000001
0.0551000000000001
0.0552000000000002
0.0553000000000002
0.0554000000000002
0.0555000000000002
0.0556000000000002
0.0557000000000002
0.0558000000000002
0.0559000000000002
0.0560000000000002
0.0561000000000002
0.0562000000000002
0.0563000000000002
0.0564000000000002
0.0565000000000002
0.0566000000000002
0.0567000000000002
0.0568000000000002
0.0569000000000002
0.0570000000000002
0.0571000000000002
0.0572000000000002
0.0573000000000002
0.0574000000000002
0.0575000000000002
0.0576000000000002
0.0577000000000002
0.0578000000000002
0.0579000000000002
0.0580000000000002
0.0581000000000002
0.0582000000000002
0.0583000000000002
0.0584000000000002
0.0589000000000002
0.0595000000000002
0.0601000000000003
0.0607000000000003
0.0613000000000003
0.0619000000000003
0.0625000000000003
0.0631000000000003
0.0637000000000003
0.0643000000000003
0.0649000000000003
0.0655000000000003
0.0661000000000003
0.0667000000000003
0.0673000000000003
0.0679000000000003
0.0685000000000003
0.0691000000000003
0.0697000000000003
0.0703000000000003
0.0709000000000003
0.0715000000000003
0.0721000000000003
0.0727000000000003
0.0733000000000003
0.0739000000000003
0.0745000000000003
0.0751000000000003
0.0757000000000003
0.0763000000000003
0.0769000000000003
0.0775000000000003
0.0781000000000003
0.0787000000000004
0.0793000000000004
0.0799000000000004
0.0805000000000004
0.0811000000000004
0.0817000000000004
0.0823000000000004
0.0829000000000004
0.0835000000000004
0.0841000000000004
0.0847000000000004
0.0853000000000004
0.0859000000000004
0.0865000000000004
0.0871000000000004
0.0877000000000004
0.0883000000000004
0.0889000000000004
0.0895000000000004
0.0901000000000004
0.0907000000000004
0.0913000000000004
0.0919000000000004
0.0925000000000004
0.0931000000000004
0.0937000000000004
0.0943000000000004
0.0949000000000004
0.0955000000000004
0.0961000000000004
0.0967000000000005
0.0973000000000005
0.0979000000000005
0.0985000000000005
0.0991000000000005
0.0997000000000005
0.1003
0.1009
0.1015
0.1021
0.1027
0.1033
0.1039
0.1045
0.1051
0.105700000000001
0.106300000000001
0.106900000000001
0.107500000000001
0.108100000000001
0.108700000000001
0.118944827586207
0.129189655172414
0.139434482758621
0.149679310344828
0.159924137931035
0.170168965517242
0.180413793103449
0.190658620689656
0.200903448275863
0.211148275862069
0.221393103448276
0.231637931034483
0.24188275862069
0.252127586206897
0.262372413793104
0.272617241379311
0.282862068965518
0.293106896551725
0.303351724137931
0.313596551724138
0.323841379310345
0.334086206896552
0.344331034482759
0.354575862068966
0.364820689655173
0.37506551724138
0.385310344827586
0.395555172413793
0.4058
0.416044827586207
0.426289655172414
0.436534482758621
0.446779310344828
0.457024137931035
0.467268965517241
0.477513793103448
0.487758620689655
0.498003448275862
0.508248275862069
0.518493103448276
0.528737931034483
0.53898275862069
0.549227586206897
0.559472413793104
0.56971724137931
0.579962068965517
0.590206896551724
0.600451724137931
0.610696551724138
0.620941379310345
0.631186206896552
0.641431034482759
0.651675862068966
0.661920689655173
0.67216551724138
0.682410344827587
0.692655172413794
0.702900000000001
0.713144827586207
0.723389655172414
0.733634482758621
0.743879310344828
0.754124137931035
0.764368965517242
0.774613793103449
0.784858620689656
0.795103448275863
0.80534827586207
0.815593103448277
0.825837931034484
0.836082758620691
0.846327586206898
0.856572413793104
0.866817241379311
0.877062068965518
0.887306896551725
0.897551724137932
0.907796551724139
0.918041379310346
0.928286206896553
0.93853103448276
0.948775862068967
0.959020689655174
0.969265517241381
0.979510344827588
0.989755172413795
1