0
0.018
0.036
0.054
0.072
0.09
0.108
0.126
0.144
0.162
0.18
0.198
0.216
0.234
0.252
0.27
0.288
0.306
0.324
0.342
0.36
0.378
0.396
0.414
0.432
0.45
0.468
0.486
0.504
0.522
0.54
0.558
0.576
0.594
0.612
0.63
0.648
0.666
0.684
0.702
0.72
0.738
0.756
0.774
0.792
0.81
0.828
0.846
0.864
0.882
0.882572815533981
0.883145631067962
0.883718446601942
0.884291262135923
0.884864077669903
0.885436893203884
0.886009708737865
0.886582524271845
0.887155339805826
0.887728155339806
0.888300970873787
0.888873786407767
0.889446601941748
0.890019417475729
0.890592233009709
0.89116504854369
0.89173786407767
0.892310679611651
0.892883495145632
0.893456310679612
0.894029126213593
0.894601941747573
0.895174757281554
0.895747572815535
0.896320388349515
0.896893203883496
0.897466019417476
0.898038834951457
0.898611650485437
0.899184466019418
0.899757281553399
0.900330097087379
0.90090291262136
0.90147572815534
0.902048543689321
0.902621359223302
0.903194174757282
0.903766990291263
0.904339805825243
0.904912621359224
0.905485436893204
0.906058252427185
0.906631067961166
0.907203883495146
0.907776699029127
0.908349514563107
0.908922330097088
0.909495145631069
0.910067961165049
0.91064077669903
0.91121359223301
0.911786407766991
0.912359223300972
0.912932038834952
0.913504854368933
0.914077669902913
0.914650485436894
0.915223300970874
0.915796116504855
0.916368932038836
0.916941747572816
0.917514563106797
0.918087378640777
0.918660194174758
0.919233009708739
0.919805825242719
0.9203786407767
0.92095145631068
0.921524271844661
0.922097087378641
0.922669902912622
0.923242718446603
0.923815533980583
0.924388349514564
0.924961165048544
0.925533980582525
0.926106796116506
0.926679611650486
0.927252427184467
0.927825242718447
0.928398058252428
0.928970873786409
0.929543689320389
0.93011650485437
0.93068932038835
0.931262135922331
0.931834951456311
0.932407766990292
0.932980582524273
0.933553398058253
0.934126213592234
0.934699029126214
0.935271844660195
0.935844660194176
0.936417475728156
0.936990291262137
0.937563106796117
0.938135922330098
0.938708737864078
0.939281553398059
0.93985436893204
0.94042718446602
0.941000000000001
0.941572815533981
0.942145631067962
0.942718446601943
0.943291262135923
0.943864077669904
0.944436893203884
0.945009708737865
0.945582524271846
0.946155339805826
0.946728155339807
0.947300970873787
0.947873786407768
0.948446601941748
0.949019417475729
0.94959223300971
0.95016504854369
0.950737864077671
0.951310679611651
0.951883495145632
0.952456310679613
0.953029126213593
0.953601941747574
0.954174757281554
0.954747572815535
0.955320388349515
0.955893203883496
0.956466019417477
0.957038834951457
0.957611650485438
0.958184466019418
0.958757281553399
0.95933009708738
0.95990291262136
0.960475728155341
0.961048543689321
0.961621359223302
0.962194174757283
0.962766990291263
0.963339805825244
0.963912621359224
0.964485436893205
0.965058252427185
0.965631067961166
0.966203883495147
0.966776699029127
0.967349514563108
0.967922330097088
0.968495145631069
0.96906796116505
0.96964077669903
0.970213592233011
0.970786407766991
0.971359223300972
0.971932038834952
0.972504854368933
0.973077669902914
0.973650485436894
0.974223300970875
0.974796116504855
0.975368932038836
0.975941747572817
0.976514563106797
0.977087378640778
0.977660194174758
0.978233009708739
0.97880582524272
0.9793786407767
0.979951456310681
0.980524271844661
0.981097087378642
0.981669902912622
0.982242718446603
0.982815533980584
0.983388349514564
0.983961165048545
0.984533980582525
0.985106796116506
0.985679611650487
0.986252427184467
0.986825242718448
0.987398058252428
0.987970873786409
0.988543689320389
0.98911650485437
0.989689320388351
0.990262135922331
0.990834951456312
0.991407766990292
0.991980582524273
0.992553398058254
0.993126213592234
0.993699029126215
0.994271844660195
0.994844660194176
0.995417475728157
0.995990291262137
0.996563106796118
0.997135922330098
0.997708737864079
0.998281553398059
0.99885436893204
0.999427184466021
1